{
  "accessors": [
    {
      "bufferView": 2,
      "componentType": 5126,
      "count": 3819,
      "max": [
        4.094616413116455,
        30.446962356567383,
        2.3452200889587402
      ],
      "min": [
        -4.0950727462768555,
        -29.237764358520508,
        -8.095239639282227
      ],
      "type": "VEC3"
    },
    {
      "bufferView": 2,
      "byteOffset": 45828,
      "componentType": 5126,
      "count": 3819,
      "max": [
        0.9997087717056274,
        0.9999759197235107,
        0.9999470710754395
      ],
      "min": [
        -0.9998993277549744,
        -0.9985701441764832,
        -0.9999311566352844
      ],
      "type": "VEC3"
    },
    {
      "bufferView": 1,
      "componentType": 5126,
      "count": 3819,
      "max": [
        1.0,
        1.0
      ],
      "min": [
        0.0,
        0.0
      ],
      "type": "VEC2"
    },
    {
      "bufferView": 0,
      "componentType": 5125,
      "count": 20304,
      "type": "SCALAR"
    },
    {
      "bufferView": 2,
      "byteOffset": 91656,
      "componentType": 5126,
      "count": 3819,
      "max": [
        4.094616413116455,
        30.446962356567383,
        2.3452200889587402
      ],
      "min": [
        -4.0950727462768555,
        -29.237764358520508,
        -8.095239639282227
      ],
      "type": "VEC3"
    },
    {
      "bufferView": 2,
      "byteOffset": 137484,
      "componentType": 5126,
      "count": 3819,
      "max": [
        0.9997087717056274,
        0.9999759197235107,
        0.9999470710754395
      ],
      "min": [
        -0.9998993277549744,
        -0.9985701441764832,
        -0.9999311566352844
      ],
      "type": "VEC3"
    },
    {
      "bufferView": 1,
      "byteOffset": 30552,
      "componentType": 5126,
      "count": 3819,
      "max": [
        1.0,
        1.0
      ],
      "min": [
        0.0,
        0.0
      ],
      "type": "VEC2"
    },
    {
      "bufferView": 0,
      "byteOffset": 81216,
      "componentType": 5125,
      "count": 20304,
      "type": "SCALAR"
    },
    {
      "bufferView": 2,
      "byteOffset": 183312,
      "componentType": 5126,
      "count": 1687,
      "max": [
        4.014040946960449,
        0.7097846865653992,
        0.39449939131736755
      ],
      "min": [
        -4.537980079650879,
        -2.46901535987854,
        -13.851027488708496
      ],
      "type": "VEC3"
    },
    {
      "bufferView": 2,
      "byteOffset": 203556,
      "componentType": 5126,
      "count": 1687,
      "max": [
        0.9993855953216553,
        0.9987906217575073,
        0.991337239742279
      ],
      "min": [
        -0.9994357228279114,
        -0.9568636417388916,
        -0.9847414493560791
      ],
      "type": "VEC3"
    },
    {
      "bufferView": 1,
      "byteOffset": 61104,
      "componentType": 5126,
      "count": 1687,
      "max": [
        0.9831454753875732,
        0.9925788640975952
      ],
      "min": [
        0.4409748315811157,
        0.13235187530517578
      ],
      "type": "VEC2"
    },
    {
      "bufferView": 0,
      "byteOffset": 162432,
      "componentType": 5125,
      "count": 4212,
      "type": "SCALAR"
    },
    {
      "bufferView": 2,
      "byteOffset": 223800,
      "componentType": 5126,
      "count": 1703,
      "max": [
        3.563281297683716,
        2.566706657409668,
        -0.1488598734140396
      ],
      "min": [
        -4.135123252868652,
        -1.7186996936798096,
        -13.062796592712402
      ],
      "type": "VEC3"
    },
    {
      "bufferView": 2,
      "byteOffset": 244236,
      "componentType": 5126,
      "count": 1703,
      "max": [
        0.9998118877410889,
        0.9727460741996765,
        0.9941089749336243
      ],
      "min": [
        -0.9995402693748474,
        -0.9999971985816956,
        -0.9688308238983154
      ],
      "type": "VEC3"
    },
    {
      "bufferView": 1,
      "byteOffset": 74600,
      "componentType": 5126,
      "count": 1703,
      "max": [
        0.9916802644729614,
        0.9925788640975952
      ],
      "min": [
        0.4409748315811157,
        0.115700364112854
      ],
      "type": "VEC2"
    },
    {
      "bufferView": 0,
      "byteOffset": 179280,
      "componentType": 5125,
      "count": 4284,
      "type": "SCALAR"
    },
    {
      "bufferView": 2,
      "byteOffset": 264672,
      "componentType": 5126,
      "count": 217,
      "max": [
        3.345139980316162,
        78.07701110839844,
        66.85935974121094
      ],
      "min": [
        -3.3448901176452637,
        74.1307601928711,
        40.06454849243164
      ],
      "type": "VEC3"
    },
    {
      "bufferView": 2,
      "byteOffset": 267276,
      "componentType": 5126,
      "count": 217,
      "max": [
        0.9431390762329102,
        0.9997004866600037,
        0.991787314414978
      ],
      "min": [
        -0.9431391954421997,
        -0.99996417760849,
        -0.936455249786377
      ],
      "type": "VEC3"
    },
    {
      "bufferView": 1,
      "byteOffset": 88224,
      "componentType": 5126,
      "count": 217,
      "max": [
        0.9914590120315552,
        0.9934445023536682
      ],
      "min": [
        0.008540961891412735,
        0.0065555572509765625
      ],
      "type": "VEC2"
    },
    {
      "bufferView": 0,
      "byteOffset": 196416,
      "componentType": 5125,
      "count": 720,
      "type": "SCALAR"
    },
    {
      "bufferView": 2,
      "byteOffset": 269880,
      "componentType": 5126,
      "count": 60926,
      "max": [
        27.676286697387695,
        48.107425689697266,
        73.82909393310547
      ],
      "min": [
        -27.637943267822266,
        -51.310970306396484,
        -156.96743774414063
      ],
      "type": "VEC3"
    },
    {
      "bufferView": 2,
      "byteOffset": 1000992,
      "componentType": 5126,
      "count": 60926,
      "max": [
        0.9999726414680481,
        0.999998152256012,
        0.999993622303009
      ],
      "min": [
        -0.9999767541885376,
        -0.9999994039535522,
        -0.9998226761817932
      ],
      "type": "VEC3"
    },
    {
      "bufferView": 1,
      "byteOffset": 89960,
      "componentType": 5126,
      "count": 60926,
      "max": [
        0.9913745522499084,
        0.9913462996482849
      ],
      "min": [
        0.00862545520067215,
        0.008653759956359863
      ],
      "type": "VEC2"
    },
    {
      "bufferView": 0,
      "byteOffset": 199296,
      "componentType": 5125,
      "count": 316032,
      "type": "SCALAR"
    },
    {
      "bufferView": 2,
      "byteOffset": 1732104,
      "componentType": 5126,
      "count": 384,
      "max": [
        1.7584108114242554,
        1.7584108114242554,
        1.7584108114242554
      ],
      "min": [
        -1.7584108114242554,
        -1.7584108114242554,
        -1.7584108114242554
      ],
      "type": "VEC3"
    },
    {
      "bufferView": 2,
      "byteOffset": 1736712,
      "componentType": 5126,
      "count": 384,
      "max": [
        0.9847626090049744,
        0.9847626090049744,
        0.9847626090049744
      ],
      "min": [
        -0.9847626090049744,
        -0.9847626090049744,
        -0.9847626090049744
      ],
      "type": "VEC3"
    },
    {
      "bufferView": 1,
      "byteOffset": 577368,
      "componentType": 5126,
      "count": 384,
      "max": [
        0.6558678150177002,
        0.9919008612632751
      ],
      "min": [
        0.01079883985221386,
        0.25809919834136963
      ],
      "type": "VEC2"
    },
    {
      "bufferView": 0,
      "byteOffset": 1463424,
      "componentType": 5125,
      "count": 1764,
      "type": "SCALAR"
    },
    {
      "bufferView": 2,
      "byteOffset": 1741320,
      "componentType": 5126,
      "count": 384,
      "max": [
        1.7584108114242554,
        1.7584108114242554,
        1.7584108114242554
      ],
      "min": [
        -1.7584108114242554,
        -1.7584108114242554,
        -1.7584108114242554
      ],
      "type": "VEC3"
    },
    {
      "bufferView": 2,
      "byteOffset": 1745928,
      "componentType": 5126,
      "count": 384,
      "max": [
        0.9847626090049744,
        0.9847626090049744,
        0.9847626090049744
      ],
      "min": [
        -0.9847626090049744,
        -0.9847626090049744,
        -0.9847626090049744
      ],
      "type": "VEC3"
    },
    {
      "bufferView": 1,
      "byteOffset": 580440,
      "componentType": 5126,
      "count": 384,
      "max": [
        0.9892011880874634,
        0.9919008612632751
      ],
      "min": [
        0.01079883985221386,
        0.008099198341369629
      ],
      "type": "VEC2"
    },
    {
      "bufferView": 0,
      "byteOffset": 1470480,
      "componentType": 5125,
      "count": 1764,
      "type": "SCALAR"
    },
    {
      "bufferView": 2,
      "byteOffset": 1750536,
      "componentType": 5126,
      "count": 2012,
      "max": [
        37.306705474853516,
        19.446266174316406,
        22.708696365356445
      ],
      "min": [
        -1.1032681465148926,
        -18.801292419433594,
        -1.7376084327697754
      ],
      "type": "VEC3"
    },
    {
      "bufferView": 2,
      "byteOffset": 1774680,
      "componentType": 5126,
      "count": 2012,
      "max": [
        0.9995455741882324,
        0.9997648000717163,
        0.9999386668205261
      ],
      "min": [
        -0.999735414981842,
        -0.9996837377548218,
        -0.9986621141433716
      ],
      "type": "VEC3"
    },
    {
      "bufferView": 1,
      "byteOffset": 583512,
      "componentType": 5126,
      "count": 2012,
      "max": [
        1.0,
        1.0
      ],
      "min": [
        0.0,
        0.0
      ],
      "type": "VEC2"
    },
    {
      "bufferView": 0,
      "byteOffset": 1477536,
      "componentType": 5125,
      "count": 9936,
      "type": "SCALAR"
    },
    {
      "bufferView": 2,
      "byteOffset": 1798824,
      "componentType": 5126,
      "count": 2446,
      "max": [
        35.94984817504883,
        9.008505821228027,
        23.113765716552734
      ],
      "min": [
        -1.4957655668258667,
        -28.530916213989258,
        -2.791104793548584
      ],
      "type": "VEC3"
    },
    {
      "bufferView": 2,
      "byteOffset": 1828176,
      "componentType": 5126,
      "count": 2446,
      "max": [
        0.9998701810836792,
        0.9993377923965454,
        0.9998511672019958
      ],
      "min": [
        -0.9999030828475952,
        -0.998466968536377,
        -0.9996491074562073
      ],
      "type": "VEC3"
    },
    {
      "bufferView": 1,
      "byteOffset": 599608,
      "componentType": 5126,
      "count": 2446,
      "max": [
        1.0,
        1.0
      ],
      "min": [
        0.0,
        0.0
      ],
      "type": "VEC2"
    },
    {
      "bufferView": 0,
      "byteOffset": 1517280,
      "componentType": 5125,
      "count": 9936,
      "type": "SCALAR"
    },
    {
      "bufferView": 2,
      "byteOffset": 1857528,
      "componentType": 5126,
      "count": 2036,
      "max": [
        1.3490937948226929,
        24.00595474243164,
        1.3676103353500366
      ],
      "min": [
        -30.927696228027344,
        -15.4927339553833,
        -22.24843406677246
      ],
      "type": "VEC3"
    },
    {
      "bufferView": 2,
      "byteOffset": 1881960,
      "componentType": 5126,
      "count": 2036,
      "max": [
        0.9989349246025085,
        0.9996709823608398,
        0.9999181628227234
      ],
      "min": [
        -0.9989789724349976,
        -0.9999435544013977,
        -0.9997290372848511
      ],
      "type": "VEC3"
    },
    {
      "bufferView": 1,
      "byteOffset": 619176,
      "componentType": 5126,
      "count": 2036,
      "max": [
        1.0,
        1.0
      ],
      "min": [
        0.0,
        0.0
      ],
      "type": "VEC2"
    },
    {
      "bufferView": 0,
      "byteOffset": 1557024,
      "componentType": 5125,
      "count": 9936,
      "type": "SCALAR"
    },
    {
      "bufferView": 2,
      "byteOffset": 1906392,
      "componentType": 5126,
      "count": 2016,
      "max": [
        25.7794246673584,
        1.0570213794708252,
        19.493932723999023
      ],
      "min": [
        -2.9276282787323,
        -34.4630241394043,
        -4.3163580894470215
      ],
      "type": "VEC3"
    },
    {
      "bufferView": 2,
      "byteOffset": 1930584,
      "componentType": 5126,
      "count": 2016,
      "max": [
        0.9989193081855774,
        0.9996683597564697,
        0.9999152421951294
      ],
      "min": [
        -0.9981104135513306,
        -0.9980337619781494,
        -0.9990901947021484
      ],
      "type": "VEC3"
    },
    {
      "bufferView": 1,
      "byteOffset": 635464,
      "componentType": 5126,
      "count": 2016,
      "max": [
        1.0,
        1.0
      ],
      "min": [
        0.0,
        0.0
      ],
      "type": "VEC2"
    },
    {
      "bufferView": 0,
      "byteOffset": 1596768,
      "componentType": 5125,
      "count": 9936,
      "type": "SCALAR"
    },
    {
      "bufferView": 2,
      "byteOffset": 1954776,
      "componentType": 5126,
      "count": 2422,
      "max": [
        1.8322949409484863,
        0.6315982341766357,
        1.69235098361969
      ],
      "min": [
        -44.63667297363281,
        -22.02182388305664,
        -15.17524528503418
      ],
      "type": "VEC3"
    },
    {
      "bufferView": 2,
      "byteOffset": 1983840,
      "componentType": 5126,
      "count": 2422,
      "max": [
        0.9999309778213501,
        0.9998074769973755,
        0.999802827835083
      ],
      "min": [
        -0.999862790107727,
        -0.9997912645339966,
        -0.9996709227561951
      ],
      "type": "VEC3"
    },
    {
      "bufferView": 1,
      "byteOffset": 651592,
      "componentType": 5126,
      "count": 2422,
      "max": [
        1.0,
        1.0
      ],
      "min": [
        0.0,
        0.0
      ],
      "type": "VEC2"
    },
    {
      "bufferView": 0,
      "byteOffset": 1636512,
      "componentType": 5125,
      "count": 9936,
      "type": "SCALAR"
    },
    {
      "bufferView": 2,
      "byteOffset": 2012904,
      "componentType": 5126,
      "count": 2426,
      "max": [
        9.815025329589844,
        2.3472371101379395,
        2.302708148956299
      ],
      "min": [
        -2.8051743507385254,
        -22.574901580810547,
        -12.594659805297852
      ],
      "type": "VEC3"
    },
    {
      "bufferView": 2,
      "byteOffset": 2042016,
      "componentType": 5126,
      "count": 2426,
      "max": [
        0.9989194869995117,
        0.99960857629776,
        0.9999995231628418
      ],
      "min": [
        -0.9991969466209412,
        -0.9999333620071411,
        -0.9996777772903442
      ],
      "type": "VEC3"
    },
    {
      "bufferView": 1,
      "byteOffset": 670968,
      "componentType": 5126,
      "count": 2426,
      "max": [
        1.0,
        1.0
      ],
      "min": [
        0.0,
        0.0
      ],
      "type": "VEC2"
    },
    {
      "bufferView": 0,
      "byteOffset": 1676256,
      "componentType": 5125,
      "count": 9936,
      "type": "SCALAR"
    },
    {
      "bufferView": 2,
      "byteOffset": 2071128,
      "componentType": 5126,
      "count": 2148,
      "max": [
        26.256032943725586,
        11.374759674072266,
        24.008039474487305
      ],
      "min": [
        -0.7743105888366699,
        -9.68202018737793,
        -1.1200603246688843
      ],
      "type": "VEC3"
    },
    {
      "bufferView": 2,
      "byteOffset": 2096904,
      "componentType": 5126,
      "count": 2148,
      "max": [
        0.9999958276748657,
        0.9995631575584412,
        0.9999086260795593
      ],
      "min": [
        -0.9987665414810181,
        -0.9990564584732056,
        -0.9978727698326111
      ],
      "type": "VEC3"
    },
    {
      "bufferView": 1,
      "byteOffset": 690376,
      "componentType": 5126,
      "count": 2148,
      "max": [
        1.0,
        1.0
      ],
      "min": [
        0.0,
        0.0
      ],
      "type": "VEC2"
    },
    {
      "bufferView": 0,
      "byteOffset": 1716000,
      "componentType": 5125,
      "count": 9936,
      "type": "SCALAR"
    },
    {
      "bufferView": 2,
      "byteOffset": 2122680,
      "componentType": 5126,
      "count": 2206,
      "max": [
        7.322381973266602,
        2.086838722229004,
        1.6719716787338257
      ],
      "min": [
        -1.8401256799697876,
        -14.304418563842773,
        -9.935603141784668
      ],
      "type": "VEC3"
    },
    {
      "bufferView": 2,
      "byteOffset": 2149152,
      "componentType": 5126,
      "count": 2206,
      "max": [
        0.998916745185852,
        0.9991341233253479,
        0.9990199208259583
      ],
      "min": [
        -0.9999544620513916,
        -0.9999487996101379,
        -0.9999344348907471
      ],
      "type": "VEC3"
    },
    {
      "bufferView": 1,
      "byteOffset": 707560,
      "componentType": 5126,
      "count": 2206,
      "max": [
        1.0,
        1.0
      ],
      "min": [
        0.0,
        0.0
      ],
      "type": "VEC2"
    },
    {
      "bufferView": 0,
      "byteOffset": 1755744,
      "componentType": 5125,
      "count": 9936,
      "type": "SCALAR"
    },
    {
      "bufferView": 2,
      "byteOffset": 2175624,
      "componentType": 5126,
      "count": 2206,
      "max": [
        1.4362043142318726,
        0.9823962450027466,
        5.708853721618652
      ],
      "min": [
        -6.357030391693115,
        -11.200360298156738,
        -1.8162721395492554
      ],
      "type": "VEC3"
    },
    {
      "bufferView": 2,
      "byteOffset": 2202096,
      "componentType": 5126,
      "count": 2206,
      "max": [
        0.998916745185852,
        0.9991340637207031,
        0.9990199208259583
      ],
      "min": [
        -0.9999545216560364,
        -0.9999488592147827,
        -0.9999346137046814
      ],
      "type": "VEC3"
    },
    {
      "bufferView": 1,
      "byteOffset": 725208,
      "componentType": 5126,
      "count": 2206,
      "max": [
        1.0,
        1.0
      ],
      "min": [
        0.0,
        0.0
      ],
      "type": "VEC2"
    },
    {
      "bufferView": 0,
      "byteOffset": 1795488,
      "componentType": 5125,
      "count": 9936,
      "type": "SCALAR"
    }
  ],
  "asset": {
    "extras": {
      "author": "ALexz.art (https://sketchfab.com/ALexzart)",
      "license": "CC-BY-4.0 (http://creativecommons.org/licenses/by/4.0/)",
      "source": "https://sketchfab.com/3d-models/dragon-dinosaur-free-model-7ea63b4dc80b4a5285067c1ec7cae0ea",
      "title": "Dragon dinosaur FREE model"
    },
    "generator": "Sketchfab-14.49.0",
    "version": "2.0"
  },
  "bufferViews": [
    {
      "buffer": 0,
      "byteLength": 1835232,
      "name": "floatBufferViews",
      "target": 34963
    },
    {
      "buffer": 0,
      "byteLength": 742856,
      "byteOffset": 1835232,
      "byteStride": 8,
      "name": "floatBufferViews",
      "target": 34962
    },
    {
      "buffer": 0,
      "byteLength": 2228568,
      "byteOffset": 2578088,
      "byteStride": 12,
      "name": "floatBufferViews",
      "target": 34962
    }
  ],
  "buffers": [
    {
      "byteLength": 4806656,
      "uri": "scene.bin"
    }
  ],
  "materials": [
    {
      "doubleSided": true,
      "name": "Horns",
      "pbrMetallicRoughness": {
        "baseColorFactor": [
          0.12693037620005054,
          0.12811138534050384,
          0.03251666189604843,
          1.0
        ],
        "roughnessFactor": 0.7272372639611855
      }
    },
    {
      "doubleSided": true,
      "name": "Teeth",
      "pbrMetallicRoughness": {
        "baseColorFactor": [
          0.8,
          0.8,
          0.8,
          1.0
        ],
        "metallicFactor": 0.0,
        "roughnessFactor": 0.9524317153998911
      }
    },
    {
      "doubleSided": true,
      "name": "Tonque",
      "pbrMetallicRoughness": {
        "baseColorFactor": [
          0.5540790912347202,
          0.17038782494333654,
          0.17038782494333654,
          1.0
        ],
        "metallicFactor": 0.0,
        "roughnessFactor": 0.9524317153998911
      }
    },
    {
      "doubleSided": true,
      "name": "Body",
      "pbrMetallicRoughness": {
        "baseColorFactor": [
          0.1209401714449219,
          0.14723845678042283,
          0.13220478883350886,
          1.0
        ],
        "metallicFactor": 0.7847642964245224,
        "roughnessFactor": 0.5809511038509831
      }
    },
    {
      "doubleSided": true,
      "emissiveFactor": [
        0.036639861458126616,
        0.03047332786451943,
        0.014457310031840092
      ],
      "name": "Eyes",
      "pbrMetallicRoughness": {
        "baseColorFactor": [
          0.0,
          0.0,
          0.0,
          1.0
        ],
        "metallicFactor": 0.778669039753264,
        "roughnessFactor": 0.30056929697309553
      }
    }
  ],
  "meshes": [
    {
      "name": "Left_horn_Horns_0",
      "primitives": [
        {
          "attributes": {
            "NORMAL": 1,
            "POSITION": 0,
            "TEXCOORD_0": 2
          },
          "indices": 3,
          "material": 0,
          "mode": 4
        }
      ]
    },
    {
      "name": "right_horn_Horns_0",
      "primitives": [
        {
          "attributes": {
            "NORMAL": 5,
            "POSITION": 4,
            "TEXCOORD_0": 6
          },
          "indices": 7,
          "material": 0,
          "mode": 4
        }
      ]
    },
    {
      "name": "Teeth_top_Teeth_0",
      "primitives": [
        {
          "attributes": {
            "NORMAL": 9,
            "POSITION": 8,
            "TEXCOORD_0": 10
          },
          "indices": 11,
          "material": 1,
          "mode": 4
        }
      ]
    },
    {
      "name": "bottom_teeth_Teeth_0",
      "primitives": [
        {
          "attributes": {
            "NORMAL": 13,
            "POSITION": 12,
            "TEXCOORD_0": 14
          },
          "indices": 15,
          "material": 1,
          "mode": 4
        }
      ]
    },
    {
      "name": "tongue_Tonque_0",
      "primitives": [
        {
          "attributes": {
            "NORMAL": 17,
            "POSITION": 16,
            "TEXCOORD_0": 18
          },
          "indices": 19,
          "material": 2,
          "mode": 4
        }
      ]
    },
    {
      "name": "Body_Body_0",
      "primitives": [
        {
          "attributes": {
            "NORMAL": 21,
            "POSITION": 20,
            "TEXCOORD_0": 22
          },
          "indices": 23,
          "material": 3,
          "mode": 4
        }
      ]
    },
    {
      "name": "left_eye_Eyes_0",
      "primitives": [
        {
          "attributes": {
            "NORMAL": 25,
            "POSITION": 24,
            "TEXCOORD_0": 26
          },
          "indices": 27,
          "material": 4,
          "mode": 4
        }
      ]
    },
    {
      "name": "Right_eye_Eyes_0",
      "primitives": [
        {
          "attributes": {
            "NORMAL": 29,
            "POSITION": 28,
            "TEXCOORD_0": 30
          },
          "indices": 31,
          "material": 4,
          "mode": 4
        }
      ]
    },
    {
      "name": "horn2_2_Horns_0",
      "primitives": [
        {
          "attributes": {
            "NORMAL": 33,
            "POSITION": 32,
            "TEXCOORD_0": 34
          },
          "indices": 35,
          "material": 0,
          "mode": 4
        }
      ]
    },
    {
      "name": "horn2_1_Horns_0",
      "primitives": [
        {
          "attributes": {
            "NORMAL": 37,
            "POSITION": 36,
            "TEXCOORD_0": 38
          },
          "indices": 39,
          "material": 0,
          "mode": 4
        }
      ]
    },
    {
      "name": "horn4_Horns_0",
      "primitives": [
        {
          "attributes": {
            "NORMAL": 41,
            "POSITION": 40,
            "TEXCOORD_0": 42
          },
          "indices": 43,
          "material": 0,
          "mode": 4
        }
      ]
    },
    {
      "name": "horn3_Horns_0",
      "primitives": [
        {
          "attributes": {
            "NORMAL": 45,
            "POSITION": 44,
            "TEXCOORD_0": 46
          },
          "indices": 47,
          "material": 0,
          "mode": 4
        }
      ]
    },
    {
      "name": "horn2_Horns_0",
      "primitives": [
        {
          "attributes": {
            "NORMAL": 49,
            "POSITION": 48,
            "TEXCOORD_0": 50
          },
          "indices": 51,
          "material": 0,
          "mode": 4
        }
      ]
    },
    {
      "name": "horn1_Horns_0",
      "primitives": [
        {
          "attributes": {
            "NORMAL": 53,
            "POSITION": 52,
            "TEXCOORD_0": 54
          },
          "indices": 55,
          "material": 0,
          "mode": 4
        }
      ]
    },
    {
      "name": "horn2_3_Horns_0",
      "primitives": [
        {
          "attributes": {
            "NORMAL": 57,
            "POSITION": 56,
            "TEXCOORD_0": 58
          },
          "indices": 59,
          "material": 0,
          "mode": 4
        }
      ]
    },
    {
      "name": "horn1_1_Horns_0",
      "primitives": [
        {
          "attributes": {
            "NORMAL": 61,
            "POSITION": 60,
            "TEXCOORD_0": 62
          },
          "indices": 63,
          "material": 0,
          "mode": 4
        }
      ]
    },
    {
      "name": "horn1_2_Horns_0",
      "primitives": [
        {
          "attributes": {
            "NORMAL": 65,
            "POSITION": 64,
            "TEXCOORD_0": 66
          },
          "indices": 67,
          "material": 0,
          "mode": 4
        }
      ]
    }
  ],
  "nodes": [
    {
      "children": [
        1
      ],
      "matrix": [
        1.0,
        0.0,
        0.0,
        0.0,
        0.0,
        2.220446049250313e-16,
        -1.0,
        0.0,
        0.0,
        1.0,
        2.220446049250313e-16,
        0.0,
        0.0,
        0.0,
        0.0,
        1.0
      ],
      "name": "Sketchfab_model"
    },
    {
      "children": [
        2
      ],
      "matrix": [
        1.0,
        0.0,
        0.0,
        0.0,
        0.0,
        0.0,
        1.0,
        0.0,
        0.0,
        -1.0,
        0.0,
        0.0,
        0.0,
        0.0,
        0.0,
        1.0
      ],
      "name": "f7b8b83981c747559fcee892cfb2ac96.fbx"
    },
    {
      "children": [
        3
      ],
      "name": "RootNode"
    },
    {
      "children": [
        4,
        6,
        8,
        10,
        12,
        14,
        16,
        18,
        20
      ],
      "name": "DracoZavr_by_Alexz_art"
    },
    {
      "children": [
        5
      ],
      "matrix": [
        0.979584098621616,
        -0.17521140366100552,
        0.09856955795181538,
        0.0,
        -0.13137445066782671,
        -0.18678761798878352,
        0.9735764682231194,
        0.0,
        -0.15217012663267016,
        -0.966649548592051,
        -0.20599248230792466,
        0.0,
        6.554378032684326,
        93.29418182373047,
        33.352108001708984,
        1.0
      ],
      "name": "Left_horn"
    },
    {
      "mesh": 0,
      "name": "Left_horn_Horns_0"
    },
    {
      "children": [
        7
      ],
      "matrix": [
        0.9633400128550346,
        0.267984620671869,
        -0.01265949113575418,
        0.0,
        0.06518235040159487,
        -0.1880199934334259,
        0.9799998690129597,
        0.0,
        0.2602446557157043,
        -0.9448982617999935,
        -0.19859505033803226,
        0.0,
        -4.679921627044678,
        93.61748504638672,
        33.19364547729492,
        1.0
      ],
      "name": "right_horn"
    },
    {
      "mesh": 1,
      "name": "right_horn_Horns_0"
    },
    {
      "children": [
        9
      ],
      "matrix": [
        1.0,
        0.0,
        0.0,
        0.0,
        0.0,
        1.0,
        0.0,
        0.0,
        0.0,
        0.0,
        1.0,
        0.0,
        0.32208171486854553,
        81.91065979003906,
        79.35633087158203,
        1.0
      ],
      "name": "Teeth_top"
    },
    {
      "mesh": 2,
      "name": "Teeth_top_Teeth_0"
    },
    {
      "children": [
        11
      ],
      "matrix": [
        1.0,
        0.0,
        0.0,
        0.0,
        0.0,
        0.9990523171534637,
        0.043525482079984655,
        0.0,
        0.0,
        -0.043525482079984655,
        0.9990523171534637,
        0.0,
        0.29913705587387085,
        76.90628051757813,
        80.24109649658203,
        1.0
      ],
      "name": "bottom_teeth"
    },
    {
      "mesh": 3,
      "name": "bottom_teeth_Teeth_0"
    },
    {
      "children": [
        13
      ],
      "matrix": [
        1.0,
        0.0,
        0.0,
        0.0,
        0.0,
        1.0,
        0.0,
        0.0,
        0.0,
        0.0,
        1.0,
        0.0,
        0.0,
        3.1873433589935303,
        16.353052139282227,
        1.0
      ],
      "name": "tongue"
    },
    {
      "mesh": 4,
      "name": "tongue_Tonque_0"
    },
    {
      "children": [
        15
      ],
      "matrix": [
        1.0,
        0.0,
        0.0,
        0.0,
        0.0,
        1.0,
        0.0,
        0.0,
        0.0,
        0.0,
        1.0,
        0.0,
        0.00012116046127630398,
        50.0928955078125,
        8.007988929748535,
        1.0
      ],
      "name": "Body"
    },
    {
      "mesh": 5,
      "name": "Body_Body_0"
    },
    {
      "children": [
        17
      ],
      "matrix": [
        1.0,
        0.0,
        0.0,
        0.0,
        0.0,
        1.0,
        0.0,
        0.0,
        0.0,
        0.0,
        1.0,
        0.0,
        3.8229713439941406,
        84.71356964111328,
        65.6551513671875,
        1.0
      ],
      "name": "left_eye"
    },
    {
      "mesh": 6,
      "name": "left_eye_Eyes_0"
    },
    {
      "children": [
        19
      ],
      "matrix": [
        1.0,
        0.0,
        0.0,
        0.0,
        0.0,
        1.0,
        0.0,
        0.0,
        0.0,
        0.0,
        1.0,
        0.0,
        -3.823213815689087,
        84.71356964111328,
        65.6551513671875,
        1.0
      ],
      "name": "Right_eye"
    },
    {
      "mesh": 7,
      "name": "Right_eye_Eyes_0"
    },
    {
      "children": [
        21,
        23,
        25,
        27,
        29,
        31,
        33,
        35,
        37
      ],
      "matrix": [
        0.9774458923569929,
        0.13940014297714368,
        0.15864150671370297,
        0.0,
        -0.0766438168440888,
        -0.4658222223092807,
        0.8815528245898899,
        0.0,
        0.19678732899760526,
        -0.8738290778755279,
        -0.4446318587384326,
        0.0,
        21.59634780883789,
        46.75349426269531,
        37.670108795166016,
        1.0
      ],
      "name": "claws"
    },
    {
      "children": [
        22
      ],
      "matrix": [
        -0.7905965146292369,
        -0.5564602889205672,
        0.25555644760119517,
        0.0,
        -0.5575560130587704,
        0.8267200947437089,
        0.07526737174208521,
        0.0,
        -0.25315695399911825,
        -0.0829809122713893,
        -0.9638598055944116,
        0.0,
        -3.4682488441467285,
        -12.982173919677734,
        -17.18096160888672,
        1.0
      ],
      "name": "horn2_2"
    },
    {
      "mesh": 8,
      "name": "horn2_2_Horns_0"
    },
    {
      "children": [
        24
      ],
      "matrix": [
        -0.894976382442404,
        -0.3180361938516289,
        0.3128422194504396,
        0.0,
        -0.27486260076759855,
        0.9454553536002918,
        0.17482770103109824,
        0.0,
        -0.35137988782737645,
        0.07047803735147881,
        -0.9335764675062799,
        0.0,
        -5.09127140045166,
        -8.078527450561523,
        -20.053922653198242,
        1.0
      ],
      "name": "horn2_1"
    },
    {
      "mesh": 9,
      "name": "horn2_1_Horns_0"
    },
    {
      "children": [
        26
      ],
      "matrix": [
        0.7006441028092801,
        0.665347503433366,
        -0.2577024269842366,
        0.0,
        -0.6780108196161276,
        0.7333487644708883,
        0.05000918048207206,
        0.0,
        0.2222592398125345,
        0.1396863963455588,
        0.9649292932614004,
        0.0,
        -7.364340305328369,
        2.054741859436035,
        8.731125831604004,
        1.0
      ],
      "name": "horn4"
    },
    {
      "mesh": 10,
      "name": "horn4_Horns_0"
    },
    {
      "children": [
        28
      ],
      "matrix": [
        -0.8821346334614943,
        0.16867554437507448,
        0.43975794384812095,
        0.0,
        0.17547006505038715,
        0.98415441939718,
        -0.025501667635912002,
        0.0,
        -0.4370912315741048,
        0.054668450780792195,
        -0.8977542067683448,
        0.0,
        -11.235694885253906,
        -41.536155700683594,
        2.6030960083007813,
        1.0
      ],
      "name": "horn3"
    },
    {
      "mesh": 11,
      "name": "horn3_Horns_0"
    },
    {
      "children": [
        30
      ],
      "matrix": [
        0.9856867699584594,
        -0.14547665142463953,
        -0.0851946912614456,
        0.0,
        0.1479150582963026,
        0.9887323255117461,
        0.023011388861519766,
        0.0,
        0.0808871254159802,
        -0.03528359928364172,
        0.9960985596634154,
        0.0,
        -7.105427357601002e-15,
        -13.450562477111816,
        0.0,
        1.0
      ],
      "name": "horn2"
    },
    {
      "mesh": 12,
      "name": "horn2_Horns_0"
    },
    {
      "children": [
        32
      ],
      "matrix": [
        -0.5028262431698924,
        -0.5302437038620069,
        -0.6826473347888741,
        0.0,
        -0.0012344094254005955,
        0.7901865584133646,
        -0.612865139436249,
        0.0,
        0.8643866295894583,
        -0.3073220093282332,
        -0.39798107639614555,
        0.0,
        -27.299039840698242,
        -62.15005111694336,
        21.10736656188965,
        1.0
      ],
      "name": "horn1"
    },
    {
      "mesh": 13,
      "name": "horn1_Horns_0"
    },
    {
      "children": [
        34
      ],
      "matrix": [
        -0.7905965146292366,
        -0.556460288920566,
        0.255556447601197,
        0.0,
        -0.40065151519874076,
        0.7856946860457341,
        0.47134087843984895,
        0.0,
        -0.46307182426169724,
        0.27025137774660013,
        -0.8441141382544237,
        0.0,
        -3.7883028984069824,
        -8.881608963012695,
        -16.521806716918945,
        1.0
      ],
      "name": "horn2_3"
    },
    {
      "mesh": 14,
      "name": "horn2_3_Horns_0"
    },
    {
      "children": [
        36
      ],
      "matrix": [
        -0.49409861986105064,
        -0.5588250887017432,
        -0.6660188241250348,
        0.0,
        -0.053834271980077175,
        0.7842574354437108,
        -0.6180955800777327,
        0.0,
        0.8677375323286299,
        -0.26954553453682484,
        -0.41758445828296487,
        0.0,
        -32.906211853027344,
        -90.67042541503906,
        33.376220703125,
        1.0
      ],
      "name": "horn1_1"
    },
    {
      "mesh": 15,
      "name": "horn1_1_Horns_0"
    },
    {
      "children": [
        38
      ],
      "matrix": [
        -0.5109123591094278,
        -0.30700069112753214,
        -0.8029440434777863,
        0.0,
        0.3834718966319347,
        0.7545745715789536,
        -0.5325096434994822,
        0.0,
        0.76936198619554,
        -0.579972233450582,
        -0.2677953371953994,
        0.0,
        -42.745784759521484,
        -124.33975219726563,
        46.86558532714844,
        1.0
      ],
      "name": "horn1_2"
    },
    {
      "mesh": 16,
      "name": "horn1_2_Horns_0"
    }
  ],
  "scene": 0,
  "scenes": [
    {
      "name": "Sketchfab_Scene",
      "nodes": [
        0
      ]
    }
  ]
}
